1 : [[ 73   0 821   0  35   0  71   0   0   0]
 [ 11   0 775   0  85   0 129   0   0   0]
 [  8   0 504   0 109   0 379   0   0   0]
 [  5   0 607   0 139   0 249   0   0   0]
 [  1   0 342   0 122   0 535   0   0   0]
 [  4   0 717   0 104   0 175   0   0   0]
 [  0   0 321   0 112   0 567   0   0   0]
 [  2   0 686   0 131   0 181   0   0   0]
 [ 21   0 897   0  46   0  36   0   0   0]
 [  6   0 831   0  80   0  83   0   0   0]]
1 : [[  0   0 787 115   0   0  98   0   0   0]
 [  0   0 462 281   0   0 257   0   0   0]
 [  0   0 257 196   0   0 547   0   0   0]
 [  0   0 200 262   0   0 538   0   0   0]
 [  0   0 131 133   0   0 736   0   0   0]
 [  0   0 226 312   0   0 462   0   0   0]
 [  0   0  84 120   0   0 796   0   0   0]
 [  0   0 351 261   0   0 388   0   0   0]
 [  0   0 774 142   0   0  84   0   0   0]
 [  0   0 646 186   0   0 168   0   0   0]]
2 : [[   0    0    0    0    6    0    0    0  994    0]
 [   0    0    0    0    2    0    0    0  998    0]
 [   0    0    4    1   28    0    0    0  967    0]
 [   0    0    1    0    8    0    0    0  991    0]
 [   0    0    7    2   59    0    0    0  932    0]
 [   0    0    0    1    7    0    0    0  992    0]
 [   0    0    5    2   78    0    0    0  915    0]
 [   0    0    1    0    7    0    0    0  992    0]
 [   0    0    0    0    0    0    0    0 1000    0]
 [   0    0    0    0    1    0    0    0  999    0]]
1 : [[  0   0   0   0 175   0   0   0 825   0]
 [  0   0   0   0 412   0   0   0 588   0]
 [  0   0   0   0 639   0   0   0 361   0]
 [  0   0   0   0 623   0   0   0 377   0]
 [  0   0   0   0 815   0   0   0 185   0]
 [  0   0   0   0 552   0   0   0 448   0]
 [  0   0   0   0 848   0   0   0 152   0]
 [  0   0   0   0 550   0   0   0 450   0]
 [  0   0   0   0 148   0   0   0 852   0]
 [  0   0   0   0 296   0   0   0 704   0]]
1 : [[  0 968   0   0  32   0   0   0   0   0]
 [  0 988   0   0  12   0   0   0   0   0]
 [  0 812   0   0 188   0   0   0   0   0]
 [  0 929   0   0  71   0   0   0   0   0]
 [  0 759   0   0 241   0   0   0   0   0]
 [  0 949   0   0  51   0   0   0   0   0]
 [  0 843   0   0 157   0   0   0   0   0]
 [  0 957   0   0  43   0   0   0   0   0]
 [  0 984   0   0  16   0   0   0   0   0]
 [  0 989   0   0  11   0   0   0   0   0]]
2 : [[644 230   0   0  34   0  66   0   0  26]
 [211 580   0   0  60   0 127   0   0  22]
 [322 211   0   0 113   0 347   0   0   7]
 [189 422   0   0 132   0 254   0   0   3]
 [203 169   0   0 118   0 510   0   0   0]
 [225 426   0   0 143   0 201   0   0   5]
 [120 285   0   0 120   0 475   0   0   0]
 [157 464   0   0 128   0 250   0   0   1]
 [582 306   0   0  46   0  50   0   0  16]
 [198 665   0   0  39   0  84   0   0  14]]
3 : [[  0   0   1   3   0   0  29   0 967   0]
 [  0   0   2   8   0   0  41   0 949   0]
 [  0   0   1  11   0   0 187   0 801   0]
 [  0   0   0   4   0   0 106   0 890   0]
 [  0   0   1  10   0   0 310   0 679   0]
 [  0   0   2   8   0   0  66   0 924   0]
 [  0   0   3  18   0   0 311   0 668   0]
 [  0   0   0   3   0   0  92   0 905   0]
 [  0   0   0   1   0   0  13   0 986   0]
 [  0   0   1   4   0   0  35   0 960   0]]
4 : [[  0   0   0   4   1   0   6   0 989   0]
 [  0   0   0   2   1   0   1   0 996   0]
 [  0   0   0  41  27   0  85   1 846   0]
 [  0   0   0  30  19   0  29   0 922   0]
 [  0   0   0  97  41   0 140   0 722   0]
 [  0   0   0  11  10   0  24   0 955   0]
 [  0   0   0 117  46   0 128   0 709   0]
 [  1   0   0  18  12   0  31   0 938   0]
 [  0   0   0   1   0   0   1   0 998   0]
 [  0   0   0   4   3   0   3   0 990   0]]
5 : [[ 998    0    0    0    1    0    1    0    0    0]
 [1000    0    0    0    0    0    0    0    0    0]
 [ 985    0    0    0    1    0   14    0    0    0]
 [ 999    0    0    0    0    0    1    0    0    0]
 [ 984    0    0    0    7    0    9    0    0    0]
 [1000    0    0    0    0    0    0    0    0    0]
 [ 995    0    0    0    1    0    4    0    0    0]
 [ 999    0    0    0    1    0    0    0    0    0]
 [1000    0    0    0    0    0    0    0    0    0]
 [1000    0    0    0    0    0    0    0    0    0]]
6 : [[   0    0    0    0    0    0    0    0    0 1000]
 [   0    0    0    0    0    0    0    0    0 1000]
 [   0    0    2    0    0    3    0    0    0  995]
 [   0    0    0    0    0    0    0    0    0 1000]
 [   0    0    3    0    1    4    0    0    0  992]
 [   0    0    0    0    0    1    0    0    0  999]
 [   0    0    2    1    0    2    0    0    0  995]
 [   0    0    0    0    0    0    0    0    0 1000]
 [   0    0    0    0    0    0    0    0    0 1000]
 [   0    0    0    0    0    0    0    0    0 1000]]
1 : [[  0   0   0  21   0   8 709   0   0 262]
 [  0   0   0  18   0   2 863   0   0 117]
 [  0   0   0   7   0   1 915   0   0  77]
 [  0   0   0  23   0   1 914   0   0  62]
 [  0   0   0   5   0   0 975   0   0  20]
 [  0   0   0  21   0   0 911   0   0  68]
 [  0   0   0   3   0   0 979   0   0  18]
 [  0   0   0   4   0   1 928   0   0  67]
 [  0   0   0  15   0   7 769   0   0 209]
 [  0   0   0  11   0   7 855   0   0 127]]
2 : [[876   0   0   0  11   1  18   0  94   0]
 [754   0   0   0  20   2  11   0 213   0]
 [489   0   0   0  56   2 133   0 320   0]
 [593   0   0   0  32   5  45   0 325   0]
 [332   0   0   0  99  12 217   0 340   0]
 [690   0   0   0  26   1  26   0 257   0]
 [304   0   0   0  90  11 228   0 367   0]
 [697   0   0   0  31   1  38   0 233   0]
 [916   0   0   0  10   0   3   0  71   0]
 [820   0   0   0  17   0   7   0 156   0]]
1 : [[  0 272   0   0  25   1   0   0 702   0]
 [  0 514   0   0   2   0   0   0 484   0]
 [  0 407   0   0 119   0   0   0 474   0]
 [  0 530   0   0  24   0   0   0 446   0]
 [  0 449   0   0 121   0   0   0 430   0]
 [  0 461   0   0  12   0   0   0 527   0]
 [  0 554   0   0  74   2   0   0 370   0]
 [  0 313   0   0  10   0   0   0 677   0]
 [  0 321   0   0  13   0   0   0 666   0]
 [  0 335   0   0   3   0   0   0 662   0]]
2 : [[951   4  45   0   0   0   0   0   0   0]
 [911  16  73   0   0   0   0   0   0   0]
 [657  23 320   0   0   0   0   0   0   0]
 [784  32 184   0   0   0   0   0   0   0]
 [514  33 453   0   0   0   0   0   0   0]
 [864  14 122   0   0   0   0   0   0   0]
 [480  35 485   0   0   0   0   0   0   0]
 [834  16 150   0   0   0   0   0   0   0]
 [975   8  17   0   0   0   0   0   0   0]
 [925   9  66   0   0   0   0   0   0   0]]
1 : [[  0   0   0   0 668   0  92   0   0 240]
 [  0   0   0   0 316   0 248   0   0 436]
 [  0   0   0   0 232   0 500   0   0 268]
 [  0   0   0   0 207   0 460   0   0 333]
 [  0   0   0   0 101   0 663   0   0 236]
 [  0   0   0   0 284   0 356   0   0 360]
 [  0   0   0   0  79   0 717   0   0 204]
 [  0   0   0   0 208   0 386   0   0 406]
 [  0   0   0   0 625   0  62   0   0 313]
 [  0   0   0   0 380   0 192   0   0 428]]
2 : [[991   0   0   0   2   0   7   0   0   0]
 [997   0   0   0   2   1   0   0   0   0]
 [903   0   0   4  19  15  59   0   0   0]
 [966   0   0   3   9   1  21   0   0   0]
 [833   0   0   9  38  18  97   5   0   0]
 [978   0   0   0   8   3   8   3   0   0]
 [884   0   0   8  26  18  61   3   0   0]
 [982   0   0   0   9   1   6   2   0   0]
 [996   0   0   2   2   0   0   0   0   0]
 [997   0   0   1   1   1   0   0   0   0]]
1 : [[  0   0 915   0   0   0  85   0   0   0]
 [  0   0 910   0   0   0  90   0   0   0]
 [  0   0 709   0   0   0 291   0   0   0]
 [  0   0 847   0   0   0 153   0   0   0]
 [  0   0 582   0   0   0 418   0   0   0]
 [  0   0 888   0   0   0 112   0   0   0]
 [  0   0 591   0   0   0 409   0   0   0]
 [  0   0 854   0   0   0 146   0   0   0]
 [  0   0 947   0   0   0  53   0   0   0]
 [  0   0 936   0   0   0  64   0   0   0]]
2 : [[  7   0 703   0  90   0   0   0 200   0]
 [  1   0 804   0 145   0   0   0  50   0]
 [  2   0 580   0 353   0   0   0  65   0]
 [  7   0 678   0 251   0   0   0  64   0]
 [  5   0 512   0 468   0   0   0  15   0]
 [  9   0 751   0 162   0   0   0  78   0]
 [  3   0 481   0 493   0   0   0  23   0]
 [  6   0 775   0 188   0   0   0  31   0]
 [  3   0 836   0  56   0   0   0 105   0]
 [  2   0 825   0 128   0   0   0  45   0]]
1 : [[  5 846  10   0  34   0   0   0   0 105]
 [  0 704  12   0  49   0   0   3   0 232]
 [  1 468   8   0 203   0   0   3   0 317]
 [  3 533  36   0 102   0   0   3   0 323]
 [  0 291  28   0 357   0   0   5   0 319]
 [  0 650  22   0  65   0   0   3   0 260]
 [  0 260  17   0 355   0   0   4   0 364]
 [  0 633  27   0  84   0   0   4   0 252]
 [  0 875   8   0  18   0   0   1   0  98]
 [  0 771   6   0  33   0   0   8   0 182]]
2 : [[321   0 303   0   0   4   1  72 299   0]
 [242   0 636   0   0   0   0  26  96   0]
 [166   0 648   0   0  40  16  51  79   0]
 [177   0 716   0   0   6   3  35  63   0]
 [102   0 756   0   0  40  24  60  18   0]
 [210   0 686   0   0   2   2  31  69   0]
 [ 80   0 843   0   0  19  17  24  17   0]
 [201   0 628   0   0   2   4 120  45   0]
 [320   0 338   0   0   0   1  94 247   0]
 [327   0 460   0   0   0   0 108 105   0]]
1 : [[ 39   0   0   0 658 303   0   0   0   0]
 [ 49   0   0   0 291 660   0   0   0   0]
 [ 25   0   0   0 564 411   0   0   0   0]
 [ 20   0   0   0 383 597   0   0   0   0]
 [ 13   0   0   0 524 463   0   0   0   0]
 [ 14   0   0   0 436 550   0   0   0   0]
 [ 16   0   0   0 478 506   0   0   0   0]
 [ 10   0   0   0 399 591   0   0   0   0]
 [ 72   0   0   0 545 383   0   0   0   0]
 [ 65   0   0   0 316 619   0   0   0   0]]
1 : [[214   0 786   0   0   0   0   0   0   0]
 [ 48   0 952   0   0   0   0   0   0   0]
 [ 50   0 950   0   0   0   0   0   0   0]
 [ 23   0 977   0   0   0   0   0   0   0]
 [  8   0 992   0   0   0   0   0   0   0]
 [ 24   0 976   0   0   0   0   0   0   0]
 [  9   0 991   0   0   0   0   0   0   0]
 [ 20   0 980   0   0   0   0   0   0   0]
 [135   0 865   0   0   0   0   0   0   0]
 [ 42   0 958   0   0   0   0   0   0   0]]
1 : [[  0   0   0 982  18   0   0   0   0   0]
 [  0   0   0 993   7   0   0   0   0   0]
 [  0   0   0 856 144   0   0   0   0   0]
 [  0   0   0 941  59   0   0   0   0   0]
 [  0   0   0 752 248   0   0   0   0   0]
 [  0   0   0 964  36   0   0   0   0   0]
 [  0   0   0 752 248   0   0   0   0   0]
 [  0   0   0 951  49   0   0   0   0   0]
 [  0   0   0 992   8   0   0   0   0   0]
 [  0   0   0 993   7   0   0   0   0   0]]
1 : [[708   0 152   0   0   0 108  32   0   0]
 [372   0 280   0   0   0 253  95   0   0]
 [212   0 144   0   0   0 573  71   0   0]
 [130   0 228   0   0   0 549  93   0   0]
 [ 89   0 110   0   0   0 751  50   0   0]
 [168   0 262   0   0   0 465 105   0   0]
 [ 50   0  83   0   0   0 799  68   0   0]
 [152   0 244   0   0   0 464 140   0   0]
 [653   0 209   0   0   0  85  53   0   0]
 [413   0 293   0   0   0 188 106   0   0]]
1 : [[   0    0 1000    0    0    0    0    0    0    0]
 [   0    0 1000    0    0    0    0    0    0    0]
 [   0    0 1000    0    0    0    0    0    0    0]
 [   0    0 1000    0    0    0    0    0    0    0]
 [   0    0 1000    0    0    0    0    0    0    0]
 [   0    0 1000    0    0    0    0    0    0    0]
 [   0    0 1000    0    0    0    0    0    0    0]
 [   0    0 1000    0    0    0    0    0    0    0]
 [   0    0 1000    0    0    0    0    0    0    0]
 [   0    0 1000    0    0    0    0    0    0    0]]
1 : [[  0   0 226   0   0   0   0   0   0 774]
 [  0   0 244   0   0   0   0   0   0 756]
 [  0   0 603   0   0   0   0   0   0 397]
 [  0   0 434   0   0   0   0   0   0 566]
 [  0   0 730   0   0   0   0   0   0 270]
 [  0   0 342   0   0   0   0   0   0 658]
 [  0   0 692   0   0   0   0   0   0 308]
 [  0   0 337   0   0   0   0   0   0 663]
 [  0   0 193   0   0   0   0   0   0 807]
 [  0   0 169   0   0   0   0   0   0 831]]
1 : [[  0   0   0   0 506   0 392  20  82   0]
 [  0   0   0   0 257   0 724   5  14   0]
 [  0   0   0   0 186   0 804   3   7   0]
 [  0   0   0   0 158   0 835   0   7   0]
 [  0   0   0   0  85   0 913   1   1   0]
 [  0   0   0   0 203   0 787   0  10   0]
 [  0   0   0   0  65   0 935   0   0   0]
 [  0   0   0   0 205   0 790   1   4   0]
 [  0   0   0   0 485   0 439  28  48   0]
 [  0   0   0   0 399   0 578   8  15   0]]
1 : [[  0   0 201   0  56   0 394   0 349   0]
 [  0   0 176   0  16   0 699   0 109   0]
 [  0   0 120   0  18   0 767   0  95   0]
 [  0   0 154   0   7   0 766   0  73   0]
 [  0   0  62   0   8   0 901   0  29   0]
 [  0   0 183   0   8   0 720   0  89   0]
 [  0   0  57   0   4   0 920   0  19   0]
 [  0   0 146   0   9   0 789   0  56   0]
 [  0   0 263   0  37   0 455   0 245   0]
 [  0   0 233   0  14   0 644   0 109   0]]
1 : [[  0  61   0   0 935   0   4   0   0   0]
 [  0  12   0   0 988   0   0   0   0   0]
 [  0  13   0   0 962   0  25   0   0   0]
 [  0   8   0   0 986   0   6   0   0   0]
 [  0   2   0   0 950   0  48   0   0   0]
 [  0  15   0   0 983   0   2   0   0   0]
 [  0   2   0   0 967   0  31   0   0   0]
 [  0   3   0   0 996   0   1   0   0   0]
 [  0  17   0   0 982   0   1   0   0   0]
 [  0   9   0   0 990   0   1   0   0   0]]
1 : [[970   0   0   0   3   0  27   0   0   0]
 [931   0   0   0  19   0  50   0   0   0]
 [790   0   0   0  48   7 155   0   0   0]
 [893   0   0   0  11   1  95   0   0   0]
 [644   0   0   0  37   9 310   0   0   0]
 [926   0   0   0  13   1  60   0   0   0]
 [616   0   0   0  46   7 331   0   0   0]
 [924   0   0   0  14   0  61   1   0   0]
 [991   0   0   0   3   1   5   0   0   0]
 [968   0   0   0  10   0  22   0   0   0]]
1 : [[926   0  47   0   0   0  27   0   0   0]
 [832   0 145   0   0   0  23   0   0   0]
 [541   0 237   0   0   0 222   0   0   0]
 [663   0 237   0   0   0 100   0   0   0]
 [373   0 266   0   0   0 361   0   0   0]
 [752   0 183   0   0   0  65   0   0   0]
 [337   0 287   0   0   0 376   0   0   0]
 [740   0 174   0   0   0  86   0   0   0]
 [941   0  50   0   0   0   9   0   0   0]
 [878   0 104   0   0   0  18   0   0   0]]
1 : [[466   0   0 101 250 183   0   0   0   0]
 [132   0   0 167 252 449   0   0   0   0]
 [115   0   0 176 116 593   0   0   0   0]
 [ 41   0   0 203 115 641   0   0   0   0]
 [ 32   0   0 153  99 716   0   0   0   0]
 [ 55   0   0 260 113 572   0   0   0   0]
 [ 12   0   0 101  71 816   0   0   0   0]
 [ 49   0   0 120 276 555   0   0   0   0]
 [371   0   0 149 325 155   0   0   0   0]
 [142   0   0  66 456 336   0   0   0   0]]
1 : [[640   0 210   5   0   0 145   0   0   0]
 [288   0 356  14   0   0 342   0   0   0]
 [189   0 179   2   0   0 630   0   0   0]
 [117   0 265   6   0   0 612   0   0   0]
 [ 76   0 134   0   0   0 790   0   0   0]
 [150   0 290   8   0   0 552   0   0   0]
 [ 44   0 121   0   0   0 835   0   0   0]
 [186   0 358   8   0   0 448   0   0   0]
 [588   0 270   9   0   0 133   0   0   0]
 [405   0 383   8   0   0 204   0   0   0]]
1 : [[ 33 370   0   0 414   0   0   0 183   0]
 [  1 154   0   0 819   0   0   0  26   0]
 [  4 118   0   0 831   0   0   0  47   0]
 [  0  78   0   0 905   0   0   0  17   0]
 [  1  41   0   0 950   0   0   0   8   0]
 [  0 102   0   0 878   0   0   0  20   0]
 [  0  32   0   0 967   0   0   0   1   0]
 [  0  80   0   0 909   0   0   0  11   0]
 [  2 367   0   0 530   0   0   0 101   0]
 [  0 196   0   0 777   0   0   0  27   0]]
1 : [[553   0   0   0   0 157 235  55   0   0]
 [221   0   0   0   0 170 507 102   0   0]
 [158   0   0   0   0  74 722  46   0   0]
 [ 75   0   0   0   0  96 758  71   0   0]
 [ 40   0   0   0   0  48 874  38   0   0]
 [ 84   0   0   0   0 126 721  69   0   0]
 [ 17   0   0   0   0  42 916  25   0   0]
 [ 98   0   0   0   0 148 650 104   0   0]
 [469   0   0   0   0 208 241  82   0   0]
 [255   0   0   0   0 243 374 128   0   0]]
1 : [[  0   0  40   0   4   1   0   0 955   0]
 [  0   0  68   0   0   0   0   0 932   0]
 [  0   0 285   0  50   6   0   0 659   0]
 [  0   0 182   0   9   3   0   0 806   0]
 [  0   0 389   0  76   9   0   0 526   0]
 [  0   0 121   0   8   2   0   0 869   0]
 [  0   0 419   0  51   5   0   0 525   0]
 [  0   0 158   0   8   2   0   0 832   0]
 [  0   0  34   0   0   0   0   0 966   0]
 [  0   0  78   0   1   0   0   0 921   0]]
2 : [[1000    0    0    0    0    0    0    0    0    0]
 [1000    0    0    0    0    0    0    0    0    0]
 [ 990    0    0    1    0    0    0    0    8    1]
 [ 998    0    0    0    0    0    0    0    0    2]
 [ 978    0    0    0    5    0    2    0   11    4]
 [ 999    0    0    0    0    0    0    0    1    0]
 [ 983    0    0    0    2    0    1    0    7    7]
 [1000    0    0    0    0    0    0    0    0    0]
 [1000    0    0    0    0    0    0    0    0    0]
 [1000    0    0    0    0    0    0    0    0    0]]
1 : [[658   0  32   0 292   0   0   0  18   0]
 [272   0  37   0 668   0   0   0  23   0]
 [194   0  29   0 768   0   0   0   9   0]
 [133   0  51   0 803   0   0   0  13   0]
 [ 69   0  15   0 901   0   0   0  15   0]
 [182   0  68   0 748   0   0   0   2   0]
 [ 49   0  11   0 933   0   0   0   7   0]
 [157   0  36   0 785   0   0   0  22   0]
 [566   0  55   0 340   0   0   0  39   0]
 [327   0  30   0 579   0   0   0  64   0]]
2 : [[974   0   0   0   6   0   0   0  20   0]
 [958   0   0   0   0   0   0   0  42   0]
 [696   3   5   0 113   2   0   0 181   0]
 [774   2   7   0  23   0   0   0 194   0]
 [560   2  13   0 184   7   0   6 228   0]
 [805   0   1   0  16   3   0   1 174   0]
 [451   2  21   0 169  10   1   5 341   0]
 [785   0   1   0  24   0   0   0 190   0]
 [987   0   0   0   0   0   0   0  13   0]
 [915   0   0   0   1   0   0   0  84   0]]
1 : [[0 0 0 ... 0 0 0]
 [0 0 0 ... 0 0 0]
 [0 0 0 ... 0 0 0]
 ...
 [0 0 0 ... 0 0 0]
 [0 0 0 ... 0 0 0]
 [0 0 0 ... 0 0 0]]
1 : [[44  1  1 ...  0  0  0]
 [ 2 12  2 ...  0  0  1]
 [ 2  0 14 ...  1  6  1]
 ...
 [ 0  0  0 ...  9  0  0]
 [ 1  0  2 ...  1  4  3]
 [ 3  2  3 ...  0  0  8]]
2 : [[48  1  1 ...  0  0  0]
 [ 2 19  0 ...  0  0  0]
 [ 3  2 11 ...  0  9  3]
 ...
 [ 0  0  0 ... 11  0  2]
 [ 3  2  2 ...  0 13  2]
 [ 1  1  0 ...  1  2 17]]
3 : [[62  0  0 ...  0  0  1]
 [ 4 13  1 ...  0  0  0]
 [ 1  0 25 ...  0 12  0]
 ...
 [ 0  0  1 ... 18  0  0]
 [ 0  1  7 ...  0  6  5]
 [ 1  0  1 ...  0  0 24]]
4 : [[62  1  1 ...  0  0  0]
 [ 3 24  1 ...  2  0  0]
 [ 0  1 23 ...  0  9  0]
 ...
 [ 0  0  1 ... 21  0  0]
 [ 0  2  8 ...  0 11  4]
 [ 0  1  0 ...  1  1 33]]
5 : [[72  1  0 ...  0  1  0]
 [ 3 40  0 ...  1  1  0]
 [ 0  0 26 ...  1 10  0]
 ...
 [ 0  0  0 ... 25  1  0]
 [ 1  0  4 ...  0 21  1]
 [ 0  0  2 ...  1  1 38]]
6 : [[74  3  0 ...  0  0  0]
 [ 0 38  0 ...  0  1  0]
 [ 3  1 33 ...  0  6  0]
 ...
 [ 0  2  0 ... 23  2  1]
 [ 0  0  2 ...  0 24  1]
 [ 1  0  0 ...  2  0 41]]
1 : [[46  0  1 ...  0  0  0]
 [ 0 26  0 ...  1  0  0]
 [ 2  1 15 ...  2  6  1]
 ...
 [ 0  0  0 ... 12  0  1]
 [ 2  0  1 ...  0  9  5]
 [ 0  1  0 ...  0  0 28]]
2 : [[48  3  2 ...  0  0  0]
 [ 2 36  2 ...  2  0  0]
 [ 3  0 25 ...  4 11  1]
 ...
 [ 0  0  0 ... 23  0  2]
 [ 1  0  2 ...  1 12  1]
 [ 0  1  0 ...  0  1 24]]
1 : [[14  3  1 ...  0  2  0]
 [ 1 19  2 ...  0  0  1]
 [ 1  1  7 ...  2  3  1]
 ...
 [ 0  0  1 ...  9  1  0]
 [ 3  1  3 ...  1  9  1]
 [ 1  2  1 ...  1  0 17]]
1 : [[20  1  0 ...  0  2  0]
 [ 0 18  1 ...  0  0  1]
 [ 0  0  8 ...  1  8  1]
 ...
 [ 0  0  1 ... 17  2  0]
 [ 0  0  2 ...  1  9  1]
 [ 0  1  0 ...  2  2 13]]
1 : [[32  0  0 ...  0  3  0]
 [ 1 19  0 ...  0  2  0]
 [ 0  0 12 ...  3 13  0]
 ...
 [ 0  0  1 ... 23  2  0]
 [ 0  0  6 ...  2 20  1]
 [ 0  0  0 ...  0  2 15]]
2 : [[40  0  1 ...  0  1  0]
 [ 0 21  0 ...  1  1  0]
 [ 1  0 23 ...  1  3  0]
 ...
 [ 0  0  4 ... 16  0  1]
 [ 0  0  4 ...  2  8  2]
 [ 0  0  0 ...  0  1 17]]
2 : [[56  1  1 ...  0  3  0]
 [ 0 22  0 ...  0  1  0]
 [ 2  1 17 ...  1  8  0]
 ...
 [ 0  0  0 ... 24  1  0]
 [ 0  0  5 ...  1 20  0]
 [ 0  0  1 ...  0  0 25]]
3 : [[48  2  1 ...  0  0  0]
 [ 1 38  0 ...  0  0  1]
 [ 1  1 14 ...  1  8  0]
 ...
 [ 0  0  0 ... 23  0  1]
 [ 0  1  3 ...  0 11  1]
 [ 0  0  0 ...  3  0 23]]
3 : [[58  2  1 ...  0  0  0]
 [ 0 30  1 ...  0  1  0]
 [ 2  1 25 ...  4  5  0]
 ...
 [ 0  0  1 ... 29  1  0]
 [ 0  0  8 ...  0 26  1]
 [ 0  0  0 ...  1  0 21]]
4 : [[55  1  0 ...  0  0  0]
 [ 1 33  2 ...  0  0  3]
 [ 1  1 14 ...  2  6  0]
 ...
 [ 0  0  0 ... 23  0  1]
 [ 1  0  3 ...  1 16  2]
 [ 0  0  0 ...  0  0 34]]
4 : [[55  2  2 ...  0  0  0]
 [ 0 46  1 ...  0  0  0]
 [ 0  0 23 ...  0  9  0]
 ...
 [ 0  2  0 ... 28  0  0]
 [ 0  0  5 ...  0 26  0]
 [ 0  0  1 ...  0  2 28]]
5 : [[65  0  0 ...  0  0  0]
 [ 0 42  0 ...  0  1  1]
 [ 0  0 25 ...  2 14  0]
 ...
 [ 0  0  1 ... 37  0  1]
 [ 0  2  2 ...  1 35  0]
 [ 2  0  0 ...  0  0 33]]
5 : [[64  0  0 ...  0  0  0]
 [ 2 42  1 ...  0  1  0]
 [ 0  2 27 ...  1 15  0]
 ...
 [ 0  0  0 ... 32  1  0]
 [ 1  0  4 ...  0 38  0]
 [ 0  0  0 ...  1  2 34]]
6 : [[71  0  0 ...  0  2  0]
 [ 0 58  1 ...  0  1  2]
 [ 3  0 33 ...  0  7  0]
 ...
 [ 0  0  2 ... 42  1  0]
 [ 0  2  5 ...  0 23  0]
 [ 0  0  0 ...  0  0 35]]
6 : [[75  0  0 ...  0  1  0]
 [ 0 51  0 ...  0  0  0]
 [ 1  1 30 ...  0  9  0]
 ...
 [ 0  0  0 ... 39  1  0]
 [ 0  0  3 ...  1 34  2]
 [ 0  0  0 ...  1  0 49]]
1 : [[0 0 0 ... 0 0 0]
 [0 0 0 ... 0 0 1]
 [0 0 0 ... 0 0 0]
 ...
 [0 0 0 ... 0 0 1]
 [0 0 0 ... 0 0 0]
 [0 0 0 ... 0 0 0]]
1 : [[985   0   0  10   2   0   1   0   2   0]
 [986   0   0  14   0   0   0   0   0   0]
 [885   0   0  77  28   0   6   0   2   2]
 [926   0   0  66   6   0   1   0   0   1]
 [771   0   0 157  57   0  10   0   0   5]
 [939   0   0  57   1   0   1   0   0   2]
 [807   0   0 148  26   0  10   0   0   9]
 [946   0   0  53   0   0   0   0   0   1]
 [992   0   0   8   0   0   0   0   0   0]
 [984   0   0  15   0   0   1   0   0   0]]
1 : [[956  15   1   1   0   0  23   0   0   4]
 [893  41   1   3   0   0  57   0   0   5]
 [660  58   7   6   0   0 263   1   0   5]
 [759  51  16   8   0   0 161   0   0   5]
 [468  56   7   4   0   0 449   1   0  15]
 [818  43   8   6   0   0 122   0   0   3]
 [413  62  10   5   0   0 497   0   0  13]
 [771  91   2   2   0   0 124   3   0   7]
 [980  10   0   0   0   0   8   0   0   2]
 [911  39   2   0   0   0  39   1   0   8]]
1 : [[  0   2 492   0   7   1   9   1 454  34]
 [  0   2 383   1   6   1   8  10 545  44]
 [  0   4 414   2  72  12  67  10 321  98]
 [  0   0 337   5  29  13  29  14 455 118]
 [  0   0 483   4  71  16  99  22 210  95]
 [  0   3 275   1  27   9  37  18 516 114]
 [  0   3 489   2  73  17 100  13 213  90]
 [  0   4 322   2  34   7  34  28 479  90]
 [  0   5 542   0   4   3   1   3 418  24]
 [  0   1 379   1   4   4   8   4 557  42]]
1 : [[978   0   0   0   0   0   6   0  16   0]
 [997   0   0   0   0   0   0   0   3   0]
 [789   0   0   4   3   0 119   0  85   0]
 [912   0   0   3   1   0  23   0  61   0]
 [667   0   0   9   4   0 173   0 147   0]
 [909   0   0   4   1   0  19   0  67   0]
 [680   0   0  16   4   0 161   0 139   0]
 [840   0   0   7   2   0  15   0 136   0]
 [991   0   0   0   0   0   0   0   9   0]
 [991   0   0   0   1   0   0   0   8   0]]
1 : [[   0    0    0    0    4    4    0    0  992    0]
 [   0    0    0    0    0    1    0    0  999    0]
 [   0    0    0    0   59   61    0    5  875    0]
 [   0    0    0    0   15   32    0    0  953    0]
 [   0    0    0    0  108  127    0    6  759    0]
 [   0    0    0    0    4   28    0    4  964    0]
 [   0    0    0    0   70  136    0    4  790    0]
 [   0    0    0    0    8   31    0    2  959    0]
 [   0    0    0    0    0    0    0    0 1000    0]
 [   0    0    0    0    0    4    0    0  996    0]]
1 : [[  8  33   0   5   0   1   5   0 948   0]
 [ 11  75   0   2   0   0   0   0 912   0]
 [ 31 153   0  22  26   7  31   1 729   0]
 [ 58 140   0   6   1   2   6   2 785   0]
 [ 39 211   0  28  24  12  41   6 639   0]
 [ 59 109   0   9   5   6   5   1 806   0]
 [ 46 298   0  48  23  12  22   4 547   0]
 [ 19 131   0   7   2   1   2   0 838   0]
 [  7  18   0   0   1   0   0   0 974   0]
 [  6  78   0   0   0   0   1   0 915   0]]
1 : [[995   0   0   0   0   3   2   0   0   0]
 [999   0   0   0   0   0   1   0   0   0]
 [951   0   0   0   0   2  47   0   0   0]
 [986   0   0   0   0   1  12   0   0   1]
 [954   0   0   0   0   3  42   0   0   1]
 [981   1   0   0   0   2  16   0   0   0]
 [945   1   0   0   0   7  47   0   0   0]
 [988   1   0   0   0   2   9   0   0   0]
 [997   0   0   0   0   1   2   0   0   0]
 [999   0   0   0   0   1   0   0   0   0]]
1 : [[  0   0   0   0  48   0   0   0 952   0]
 [  0   0   0   0 109   1   0   0 890   0]
 [  1   0   0   0 462   0   0   0 537   0]
 [  2   0   0   0 383   0   0   0 615   0]
 [  3   0   0   0 625   0   0   0 372   0]
 [  2   0   0   0 333   0   0   0 665   0]
 [  3   0   0   0 720   0   0   0 277   0]
 [  3   0   0   0 289   0   0   0 708   0]
 [  0   0   0   0  25   0   0   0 975   0]
 [  1   2   0   0  98   1   0   0 895   3]]
1 : [[   0    0    0    0    3    1    0    0  996    0]
 [   0    0    0    0    0    0    0    0 1000    0]
 [   0    0    0    0   11    2   10    0  977    0]
 [   0    0    0    0    2    0    2    1  995    0]
 [   0    0    0    0   10    7   16    6  961    0]
 [   0    0    0    0    1    1    1    0  997    0]
 [   0    0    0    0    7    3   12    2  976    0]
 [   0    0    0    0    1    1    2    1  995    0]
 [   0    0    0    0    0    0    0    0 1000    0]
 [   0    0    0    0    0    0    0    0 1000    0]]
1 : [[ 96   0   0   0   0   0   5   0 899   0]
 [ 35   0   0   0   0   0   0   0 965   0]
 [ 39   0   0   1   1   5  71   3 877   3]
 [ 34   0   0   0   0   0  20   1 945   0]
 [ 87   0   1   3   0   6 110   6 783   4]
 [ 25   0   0   1   0   1  13   0 960   0]
 [ 35   0   2   7   1  10  85   7 850   3]
 [ 86   0   0   0   0   2   9   2 901   0]
 [119   0   0   0   0   0   0   0 881   0]
 [ 72   0   0   0   0   0   1   0 927   0]]
1 : [[  0   0 732   1  13   0   0   0 241  13]
 [  0   0 839   2   3   0   0   0 142  14]
 [  0   0 759   5 112   0   0   0 106  18]
 [  0   0 837   1  48   0   0   0  97  17]
 [  0   0 658   4 191   0   0   0 122  25]
 [  0   0 839   0  46   0   0   0  97  18]
 [  0   0 683   2 211   0   0   0  83  21]
 [  0   0 510   1  53   0   0   0 385  51]
 [  0   0 638   0   2   0   0   0 355   5]
 [  0   0 540   1   7   0   0   0 434  18]]
2 : [[  0  54   0   3 833   0   5   8  16  81]
 [  0 267   0   5 382   0  14   4  58 270]
 [  0  50   0  24 720   0  44  29  10 123]
 [  0 116   0  80 560   0  54  37   6 147]
 [  0  29   0  33 719   0  53  40   6 120]
 [  0  89   0 101 599   0  49  42  14 106]
 [  0  51   0  20 671   0  85  26   0 147]
 [  0  53   0  38 608   0  27  77   4 193]
 [  0  91   0   4 773   0   3   0  39  90]
 [  0  86   0   3 526   0  17   4  46 318]]
1 : [[609  31  77  17  24  19  27  20 143  33]
 [ 26 786   5  17   5   7  18   9  48  79]
 [ 74   9 526  78 145  48  69  21  22   8]
 [ 29  13 133 407  59 170 101  37  31  20]
 [ 37  13 118  61 520  44  82 103  16   6]
 [ 39  10  77 197  66 496  41  48  16  10]
 [ 14   6  95  82  51  31 696   9  10   6]
 [ 29  18  52  73 123  83  17 578   9  18]
 [122  28  27  17  18  11  10   1 740  26]
 [ 40 126  11  34   7  10  22  25  59 666]]
1 : [[ 997    3    0    0    0    0    0    0    0    0]
 [1000    0    0    0    0    0    0    0    0    0]
 [ 903   34   13    0    9    8   33    0    0    0]
 [ 982    6    5    0    0    2    5    0    0    0]
 [ 862   62   10    0   17   10   39    0    0    0]
 [ 988    8    0    0    1    1    2    0    0    0]
 [ 908   53   11    0    1   11   15    0    0    1]
 [ 990    7    2    0    0    0    1    0    0    0]
 [1000    0    0    0    0    0    0    0    0    0]
 [ 999    0    1    0    0    0    0    0    0    0]]
1 : [[776   7   0   0  19   0   0   1 197   0]
 [627  10   0   0   5   0   0   0 358   0]
 [378  16   0   0 188   0   0   1 417   0]
 [480  33   0   0  75   1   0   1 410   0]
 [275  28   0   0 285   1   0   2 409   0]
 [463  41   0   0  93   0   0   3 400   0]
 [284  93   0   0 170   2   0   8 443   0]
 [563  20   0   0 141   0   0   2 274   0]
 [720   1   0   0   7   0   0   0 272   0]
 [720   7   0   0   7   0   0   0 266   0]]
1 : [[  0 936   1   0   0   0   4   0  59   0]
 [  0 927   0   0   0   0   0   0  73   0]
 [  0 843  15   6  11   0  56   0  69   0]
 [  0 882   5   0   4   0  11   0  98   0]
 [  0 802  39   6  15   0  75   0  63   0]
 [  0 917   8   0   3   0   7   0  65   0]
 [  0 803  28  15  15   0  50   0  89   0]
 [  0 858   3   1   1   0   6   0 131   0]
 [  0 970   0   0   0   0   0   0  30   0]
 [  0 869   0   0   0   0   0   0 131   0]]
1 : [[  0   0   0  28   1   0  22   0 931  18]
 [  0   0   0  76  10   0  28   0 868  18]
 [  0   0   0 148  13   0 302   0 497  40]
 [  0   3   0 187  14   0 220   0 490  86]
 [  0   0   0 142  18   0 495   0 315  30]
 [  0   1   0 214   9   0 202   0 466 108]
 [  0   1   0 171  13   0 573   0 207  35]
 [  0   0   0 167  46   0 169   0 562  56]
 [  0   0   0  18   1   0   9   0 960  12]
 [  0   0   0  69  13   0  30   0 851  37]]
1 : [[  0   0   3   0  14   0   0   0 981   2]
 [  0   2  15   0  26   0   0   0 955   2]
 [  0   2  16   0 229   0   0   0 751   2]
 [  0   0  22   0 117   0   0   0 861   0]
 [  0   1  24   0 377   0   0   0 594   4]
 [  0   2   9   0  87   0   0   0 899   3]
 [  0   2  54   0 391   0   0   0 549   4]
 [  0   0   9   0  84   0   0   0 907   0]
 [  0   0   0   0   3   0   0   0 997   0]
 [  0   0   6   0  19   0   0   0 973   2]]
1 : [[  0   0   0  24  23   0   0   0 953   0]
 [  0   0   0  44  48   0   0   0 908   0]
 [  0   0   0 104 184   0   0   0 712   0]
 [  0   0   0  81  91   0   0   0 828   0]
 [  0   0   0 135 294   0   0   0 571   0]
 [  0   0   0  48  66   0   0   0 886   0]
 [  0   0   0 130 316   0   0   0 554   0]
 [  0   0   0  41  62   0   0   0 897   0]
 [  0   0   0   8  10   0   0   0 982   0]
 [  0   0   0  23  29   0   0   0 948   0]]
1 : [[258   0 182   0   0   0   0   0 560   0]
 [314   0  90   0   0   0   0   0 596   0]
 [268   0 336   0   0   0   0   0 396   0]
 [287   0 147   0   0   0   0   0 566   0]
 [306   0 336   0   0   0   0   0 358   0]
 [286   0 125   0   0   0   0   0 589   0]
 [281   0 231   0   0   0   0   0 488   0]
 [293   0  91   0   0   0   0   0 616   0]
 [299   0 119   0   0   0   0   0 582   0]
 [252   0  58   0   0   0   0   0 690   0]]
1 : [[303   0   1   0 404   0   0   0 292   0]
 [255   0   0   0 610   0   0   0 135   0]
 [168   0   0   0 743   0   0   0  89   0]
 [262   0   3   0 669   0   0   0  66   0]
 [103   0   1   0 872   0   0   0  24   0]
 [324   0   0   0 595   0   0   0  81   0]
 [ 86   0   0   0 882   0   0   0  32   0]
 [276   0   1   0 627   0   0   0  96   0]
 [323   0   0   0 402   0   0   0 275   0]
 [332   0   2   0 459   0   0   0 207   0]]
2 : [[876   0  74   0  13   0   0   0  37   0]
 [912   0  49   0   1   0   0   0  38   0]
 [667   0 194   0 117   2   0   0  20   0]
 [820   0 127   0  29   1   0   0  23   0]
 [534   0 246   0 181   3   0   0  36   0]
 [879   0  81   0  21   0   0   0  19   0]
 [559   0 286   0 139   1   0   0  15   0]
 [754   0 106   0  19   2   0   0 119   0]
 [878   0  52   0   5   0   0   0  65   0]
 [853   0  60   0   2   0   0   0  85   0]]
3 : [[720   0 240   0  40   0   0   0   0   0]
 [433   0 556   0  11   0   0   0   0   0]
 [259   0 508   0 233   0   0   0   0   0]
 [211   0 687   0 102   0   0   0   0   0]
 [152   0 553   0 295   0   0   0   0   0]
 [233   0 688   0  79   0   0   0   0   0]
 [134   0 637   0 229   0   0   0   0   0]
 [292   0 642   0  66   0   0   0   0   0]
 [662   0 321   0  17   0   0   0   0   0]
 [527   0 453   0  20   0   0   0   0   0]]
4 : [[829   0   0  54 106   6   0   0   5   0]
 [711   0   0  98 176   8   0   0   7   0]
 [386   0   0  87 519   5   0   0   3   0]
 [335   0   0 162 482  15   0   0   6   0]
 [218   0   0  83 670  17   0   0  12   0]
 [290   0   0 179 514  14   0   0   3   0]
 [124   0   0 116 736  12   0   0  12   0]
 [370   0   0 136 445  24   0   0  25   0]
 [854   0   0  59  70  11   0   0   6   0]
 [668   0   0 108 183  24   0   0  17   0]]
5 : [[  0   0   0   0  67   0   0   0 933   0]
 [  0   0   0   0 135   0   0   0 865   0]
 [  0   0   0   0 503   0   0   0 497   0]
 [  0   0   0   0 442   0   0   0 558   0]
 [  0   0   0   1 700   0   0   0 299   0]
 [  0   0   0   1 364   0   0   0 635   0]
 [  0   0   0   3 766   0   0   0 231   0]
 [  0   0   0   1 313   0   0   0 686   0]
 [  0   0   0   1  39   0   0   0 960   0]
 [  0   0   0   0 118   0   0   0 882   0]]
6 : [[771   0   0   0  56   0  28   0 145   0]
 [897   0   0   0  44   0  40   0  19   0]
 [594   0   0   0 293   0  81   0  32   0]
 [768   0   0   0 147   0  79   0   6   0]
 [481   0   0   0 398   0  98   0  23   0]
 [803   0   0   0 127   0  67   0   3   0]
 [490   0   0   0 410   0  98   0   2   0]
 [804   0   0   0 120   0  69   0   7   0]
 [819   0   0   0  28   0  31   0 122   0]
 [888   0   0   0  39   0  42   0  31   0]]
1 : [[417 185   0   0 398   0   0   0   0   0]
 [134 136   0   0 730   0   0   0   0   0]
 [116  72   0   0 812   0   0   0   0   0]
 [ 72  86   0   0 842   0   0   0   0   0]
 [ 28  51   0   0 921   0   0   0   0   0]
 [ 94 135   0   0 771   0   0   0   0   0]
 [ 21  44   0   0 935   0   0   0   0   0]
 [ 73 108   0   0 819   0   0   0   0   0]
 [327 185   0   0 488   0   0   0   0   0]
 [158 197   0   0 645   0   0   0   0   0]]
1 : [[  0 279   0   0   0   0  86   0   0 635]
 [  0 479   0   0   0   0 164   0   0 357]
 [  0 352   0   0   0   0 404   0   0 244]
 [  0 504   0   0   0   0 276   0   0 220]
 [  0 342   0   0   0   0 544   0   0 114]
 [  0 507   0   0   0   0 195   0   0 298]
 [  0 330   0   0   0   0 570   0   0 100]
 [  0 474   0   0   0   0 202   0   0 324]
 [  0 322   0   0   0   0  55   0   0 623]
 [  0 347   0   0   0   0 117   0   0 536]]
1 : [[  0   0 243   0   0  21   0 695  41   0]
 [  0   0  93   0   0   3   0 900   4   0]
 [  0   0  56   0   0  10   0 929   5   0]
 [  0   0  28   0   0  15   0 955   2   0]
 [  0   0   9   0   0   4   1 985   1   0]
 [  0   0  32   0   0  24   0 943   1   0]
 [  0   0  10   0   0   1   0 989   0   0]
 [  0   0  27   0   0   7   0 966   0   0]
 [  0   0 181   0   0  17   0 795   7   0]
 [  0   0  66   0   0   4   0 928   2   0]]
1 : [[497 169  52 151   0   0   0   0   0 131]
 [208 267  76 321   0   0   0   0   0 128]
 [167 167  57 539   0   0   0   0   0  70]
 [157 235  99 450   0   0   0   0   0  59]
 [ 62 129  64 694   0   0   0   0   0  51]
 [220 252 124 331   0   0   0   0   0  73]
 [ 66 127  64 711   0   0   0   0   0  32]
 [158 265  85 341   0   0   0   0   0 151]
 [426 210  48 127   0   0   0   0   0 189]
 [251 226  42 208   0   0   0   0   0 273]]
1 : [[   0    0    0    0 1000    0    0    0    0    0]
 [   0    0    0    0 1000    0    0    0    0    0]
 [   0    0    0    0 1000    0    0    0    0    0]
 [   0    0    0    0 1000    0    0    0    0    0]
 [   0    0    0    0 1000    0    0    0    0    0]
 [   0    0    0    0 1000    0    0    0    0    0]
 [   0    0    0    0 1000    0    0    0    0    0]
 [   0    0    0    0 1000    0    0    0    0    0]
 [   0    0    0    0 1000    0    0    0    0    0]
 [   0    0    0    0 1000    0    0    0    0    0]]
2 : [[  0   0   0   0   2   0  50   0 174 774]
 [  0   0   0   0   3   0 118   0  21 858]
 [  0   0   0   0   6   4 379   0  42 569]
 [  0   0   0   0   0   0 270   0  65 665]
 [  0   0   0   0   2   0 561   0  18 419]
 [  0   0   0   0   1   0 204   0  79 716]
 [  0   0   0   0   5   4 624   0  16 351]
 [  0   0   0   0   2   1 183   0  21 793]
 [  0   0   0   0   0   0  26   0  49 925]
 [  0   0   0   0   4   0  81   0  13 902]]
1 : [[  0 564 289   0   0   0 147   0   0   0]
 [  0 295 393   0   0   0 312   0   0   0]
 [  0 202 241   0   0   0 557   0   0   0]
 [  0 194 311   0   0   0 495   0   0   0]
 [  0  85 196   0   0   0 719   0   0   0]
 [  0 249 365   0   1   0 385   0   0   0]
 [  0  71 177   0   0   0 752   0   0   0]
 [  0 223 404   0   0   0 373   0   0   0]
 [  0 535 350   0   0   0 115   0   0   0]
 [  0 368 413   0   0   0 219   0   0   0]]
1 : [[  0   0  73   0 848   0   0  53   0  26]
 [  0   0  35   0 882   0   0  49   0  34]
 [  0   0  14   0 964   0   0  19   0   3]
 [  0   0  13   0 962   0   0  19   0   6]
 [  0   0   5   0 980   0   0  13   0   2]
 [  0   0  22   0 956   0   0  14   0   8]
 [  0   0   2   0 981   0   0  14   0   3]
 [  0   0   7   0 974   0   0  17   0   2]
 [  0   1  26   0 898   0   0  68   0   7]
 [  0   0  23   0 912   0   0  53   0  12]]
2 : [[  0   0   0  19  30 185 160  15 569  22]
 [  0   0   0  36  53 250 345  25 271  20]
 [  0   0   0  11  27 158 609  11 172  12]
 [  0   0   0  29  39 235 541  15 127  14]
 [  0   0   0  16  35  83 767  15  67  17]
 [  0   0   0  15  39 285 464  13 173  11]
 [  0   0   0  14  23  98 801   8  51   5]
 [  0   0   0  15  75 175 417  75 170  73]
 [  0   0   0  15  51 227 122  28 511  46]
 [  0   0   0   7  74 140 225  75 363 116]]
1 : [[898   0  13  16   0   0  44   0   0  29]
 [732   0  36  45   0   0  91   0   0  96]
 [475   0  54  49   0   0 308   0   0 114]
 [532   0  62  96   0   0 195   0   0 115]
 [306   0  60  60   0   0 474   0   0 100]
 [635   0  52  71   0   0 132   0   0 110]
 [270   0  57  52   0   0 505   0   0 116]
 [653   0  40  51   0   0 150   0   0 106]
 [915   0  12  20   0   0  23   0   0  30]
 [828   0  18  24   0   0  63   0   0  67]]
2 : [[  0   0   0   0  73   0   0  25 902   0]
 [  0   0   0   0 158   0   0  49 793   0]
 [  0   0   0   0 442   0   0  64 494   0]
 [  0   0   0   0 317   0   0 112 571   0]
 [  0   0   0   0 611   0   0  84 305   0]
 [  0   0   0   0 254   0   0  92 654   0]
 [  0   0   0   0 670   0   0  85 245   0]
 [  0   0   0   0 240   0   0  89 671   0]
 [  0   0   0   0  39   0   0  28 933   0]
 [  0   0   0   0 110   0   0  46 844   0]]
1 : [[267   0   0   0 294   0 439   0   0   0]
 [106   0   0   0 331   0 563   0   0   0]
 [100   0   0   0 221   0 679   0   0   0]
 [113   0   0   0 304   0 583   0   0   0]
 [ 40   0   0   0 145   0 815   0   0   0]
 [151   0   0   0 340   0 509   0   0   0]
 [ 33   0   0   0 145   0 822   0   0   0]
 [ 79   0   0   0 317   0 604   0   0   0]
 [214   0   0   0 360   0 426   0   0   0]
 [114   0   0   0 397   0 489   0   0   0]]
1 : [[  44    0    0    0    0    0  955    0    1    0]
 [   4    0    0    0    0    0  996    0    0    0]
 [   8    0    0    0    0    0  992    0    0    0]
 [   4    0    0    0    0    0  996    0    0    0]
 [   1    0    0    0    0    0  999    0    0    0]
 [   5    0    0    0    0    0  995    0    0    0]
 [   0    0    0    0    0    0 1000    0    0    0]
 [   1    0    0    0    0    0  999    0    0    0]
 [  11    0    0    0    0    0  989    0    0    0]
 [   4    0    0    0    0    0  996    0    0    0]]
1 : [[338   0   0   0  17  27 618   0   0   0]
 [111   0   0   0   2  13 874   0   0   0]
 [ 93   0   0   0 139  15 753   0   0   0]
 [ 66   0   0   0  34  15 885   0   0   0]
 [ 25   0   0   0 201   7 767   0   0   0]
 [ 85   0   0   0  27  37 851   0   0   0]
 [ 24   0   0   0 207   4 765   0   0   0]
 [ 69   0   0   0  33  10 888   0   0   0]
 [288   0   0   0   3  21 688   0   0   0]
 [142   0   0   0   6   9 843   0   0   0]]
1 : [[  0   0  53   0  10   3  59   0 875   0]
 [  0   0 119   1  28   9 151   0 692   0]
 [  0   0 136   0  18  10 388   0 448   0]
 [  0   0 159   0  27  37 272   0 505   0]
 [  0   0 152   1  22  15 545   0 265   0]
 [  0   0 146   0  27  25 197   0 605   0]
 [  0   0 136   0  23   9 605   0 227   0]
 [  0   0 177   0  18  20 205   0 580   0]
 [  0   0  51   1   6   6  29   0 907   0]
 [  0   0 107   0   8   3 102   0 780   0]]
1 : [[712   0   0   0 287   0   0   0   1   0]
 [453   0   0   0 546   0   0   0   1   0]
 [364   0   0   0 636   0   0   0   0   0]
 [361   0   0   0 639   0   0   0   0   0]
 [199   0   0   0 801   0   0   0   0   0]
 [470   0   0   0 530   0   0   0   0   0]
 [177   0   0   0 823   0   0   0   0   0]
 [446   0   0   0 554   0   0   0   0   0]
 [723   0   0   0 276   0   0   0   1   0]
 [611   0   0   0 388   0   0   0   1   0]]
1 : [[  0   0   0   0 941   2  57   0   0   0]
 [  0   0   0   0 860   4 136   0   0   0]
 [  0   0   0   0 618  13 369   0   0   0]
 [  0   0   0   0 733  18 249   0   0   0]
 [  0   0   0   0 466  22 512   0   0   0]
 [  0   0   0   0 818  17 165   0   0   0]
 [  0   0   0   0 438  18 544   0   0   0]
 [  0   0   0   0 802  13 185   0   0   0]
 [  0   0   0   0 956   5  39   0   0   0]
 [  0   0   0   0 890   5 105   0   0   0]]
1 : [[  0   0  23   0  36   0  25   0 916   0]
 [  0   0  65   0 107   0  31   0 797   0]
 [  0   0 105   0 186   0 206   0 503   0]
 [  0   0 145   0 172   0 107   0 576   0]
 [  0   0 119   0 191   0 356   0 334   0]
 [  0   0 117   0 127   0  67   0 689   0]
 [  0   0 104   0 215   0 399   0 282   0]
 [  0   0 102   0 125   0  92   0 681   0]
 [  0   0  29   0  36   0   8   0 927   0]
 [  0   0  55   0  71   0  29   0 845   0]]
2 : [[  0   0 803   0   0   0   0   0   0 197]
 [  0   0 867   0   0   0   0   0   0 133]
 [  0   0 923   0   0   0   0   0   0  77]
 [  0   0 947   0   0   0   0   0   0  53]
 [  0   0 971   0   0   0   0   0   0  29]
 [  0   0 945   0   0   0   0   0   0  55]
 [  0   0 966   0   0   0   0   0   0  34]
 [  0   0 909   0   0   0   0   0   0  91]
 [  0   0 758   0   0   0   0   0   0 242]
 [  0   0 799   0   0   0   0   0   0 201]]
1 : [[   0    0    0    0 1000    0    0    0    0    0]
 [   0    0    0    0 1000    0    0    0    0    0]
 [   0    0    0    0 1000    0    0    0    0    0]
 [   0    0    0    0 1000    0    0    0    0    0]
 [   0    0    2    0  998    0    0    0    0    0]
 [   0    0    0    0 1000    0    0    0    0    0]
 [   0    0    0    0 1000    0    0    0    0    0]
 [   0    0    0    0 1000    0    0    0    0    0]
 [   0    0    0    0 1000    0    0    0    0    0]
 [   0    0    0    0 1000    0    0    0    0    0]]
2 : [[950   0   0   0   0   0  33   0   0  17]
 [974   0   0   0   0   0   6   0   0  20]
 [844   0   0   0   0   0  89   0   0  67]
 [947   0   0   0   0   0  16   0   0  37]
 [764   0   0   0   0   0 120   0   0 116]
 [967   0   0   0   0   0  12   0   0  21]
 [817   0   0   0   1   0  83   0   0  99]
 [958   0   0   0   0   0  14   0   0  28]
 [983   0   0   0   0   0   8   0   0   9]
 [976   0   0   0   0   0   2   0   0  22]]
1 : [[  0   0  41   0   5   0 118 836   0   0]
 [  0   0  53   2   5   0 308 632   0   0]
 [  0   0 289   2  20   0 269 420   0   0]
 [  0   0 189   4  14   0 361 432   0   0]
 [  0   0 441   0  19   0 291 249   0   0]
 [  0   0 128   6  13   0 311 542   0   0]
 [  0   0 455   0  28   0 301 216   0   0]
 [  0   0 136   2  18   0 249 595   0   0]
 [  0   0  26   1   1   0 125 847   0   0]
 [  0   0  58   1  12   0 151 778   0   0]]
1 : [[   0    0    0    0  993    0    0    0    0    7]
 [   0    0    0    0  999    0    0    0    0    1]
 [   0    0    0    0  997    0    0    0    0    3]
 [   0    0    0    0 1000    0    0    0    0    0]
 [   0    0    0    0 1000    0    0    0    0    0]
 [   0    0    0    0 1000    0    0    0    0    0]
 [   0    0    0    0 1000    0    0    0    0    0]
 [   0    0    0    0 1000    0    0    0    0    0]
 [   0    0    0    0  999    0    0    0    0    1]
 [   0    0    0    0 1000    0    0    0    0    0]]
1 : [[   0    0    0 1000    0    0    0    0    0    0]
 [   0    0    0 1000    0    0    0    0    0    0]
 [   0    0    0 1000    0    0    0    0    0    0]
 [   0    0    0 1000    0    0    0    0    0    0]
 [   0    0    0 1000    0    0    0    0    0    0]
 [   0    0    0 1000    0    0    0    0    0    0]
 [   0    0    0 1000    0    0    0    0    0    0]
 [   0    0    0 1000    0    0    0    0    0    0]
 [   0    0    0 1000    0    0    0    0    0    0]
 [   0    0    0 1000    0    0    0    0    0    0]]
2 : [[   0    0    1    0    0    0    0    0  999    0]
 [   0    0    0    0    0    0    0    0 1000    0]
 [   0    0   17    0    0    2    0    0  981    0]
 [   0    0    7    0    0    2    0    0  991    0]
 [   0    0   37    0    0    4    0    0  955    4]
 [   0    0    3    0    0    0    0    0  997    0]
 [   1    0   29    0    0    4    0    0  965    1]
 [   0    0    3    0    0    0    0    0  997    0]
 [   0    0    0    0    0    0    0    0 1000    0]
 [   0    0    0    0    0    0    0    0 1000    0]]
1 : [[480  25  95  33  37   8  18  14 228  62]
 [ 60 598  27   9  12   9   8  23  68 186]
 [ 88  20 320 107 161 103 111  34  33  23]
 [ 21  17  86 343 117 194 106  53  29  34]
 [ 33   8  98  85 479  76  90  79  39  13]
 [ 17  17 101 216 122 398  44  46  24  15]
 [  9  13  88  97 156  52 546   9   9  21]
 [ 52  11  41  77 147 114  23 445  27  63]
 [168  38  14  25  26   9   9  13 639  59]
 [ 97 159  13  22  12  16  24  59  73 525]]
1 : [[538  54  91  14  30  16  18  20 169  50]
 [ 75 599  22  21   8   8  11  19  43 194]
 [104  22 332 106 155  99  68  53  36  25]
 [ 31  22 100 377  81 200  63  70  26  30]
 [ 34  12 152  99 396  80 104  85  29   9]
 [ 16  17  97 237  81 367  40  95  25  25]
 [ 18  17 138 162 133  52 419  38   7  16]
 [ 35  32  56  69 147 108  27 468  15  43]
 [162  83  33  18  15  11   9   6 579  84]
 [ 67 185  34  36  26  19  28  29  64 512]]
2 : [[658  33  77  17  19   8  17  15 132  24]
 [ 39 761  14  11  11   7  14   9  27 107]
 [ 77   5 512  91  89  64  85  36  31  10]
 [ 22   5  73 448  61 222  76  34  38  21]
 [ 38   5  90  62 554  62  72  90  24   3]
 [ 12   5  66 187  63 534  32  67  18  16]
 [  6   6  57 100  60  30 725   5   7   4]
 [ 40   5  30  48 107  86  17 628  12  27]
 [109  34  28  24  12   8   5   6 736  38]
 [ 53  88  11  21  13  10  20  38  33 713]]
3 : [[714  21  70  20  18  16  12  16  85  28]
 [ 35 851   2   9   5   7  13   4  21  53]
 [ 69   6 642  52  64  46  59  38  12  12]
 [ 18   5  93 475  70 184  78  41  17  19]
 [ 19   4  70  33 683  51  51  66  16   7]
 [ 12   5  63 149  45 622  15  67   8  14]
 [  9   1  54  97  35  15 776   5   7   1]
 [ 18   5  35  33  78  59   5 748   6  13]
 [ 82  26  12  23  19   3   5   8 783  39]
 [ 38  83   6  15  10   5  12  15  28 788]]
4 : [[743  21  71  18  17   3  20  13  71  23]
 [ 19 884   3   8   2   3  16   6  15  44]
 [ 54   2 696  43  64  54  47  23  11   6]
 [ 18   3  76 544  73 166  68  27  17   8]
 [ 19   1  61  37 758  33  33  42  13   3]
 [  7   1  55 153  38 665  20  51   7   3]
 [  5   2  50  64  27  20 826   1   5   0]
 [ 23   2  27  41  57  46   1 794   3   6]
 [ 51  38  16  16  12   2   8   6 831  20]
 [ 31  72   8  14  11   6   9  15  31 803]]
5 : [[826  13  35  11  13  10  12   6  53  21]
 [ 11 875   3   3   0   4  23   0   9  72]
 [ 70   1 716  39  63  43  46  12   4   6]
 [ 18   2  45 569  63 203  59  14   6  21]
 [ 18   0  34  33 820  34  32  12   8   9]
 [ 10   0  29 118  41 745  18  27   1  11]
 [  4   0  30  47  21  18 871   0   3   6]
 [ 33   1  23  43  77  74   9 730   1   9]
 [ 71  27  10   8   6   8  10   4 832  24]
 [ 22  57   5  10   3   8   9   2  18 866]]
6 : [[795  11  75  11  11   3  10   6  57  21]
 [ 23 915   3   4   1   3   6   2  10  33]
 [ 51   0 774  34  45  37  38  12   5   4]
 [ 17   6  70 624  59 127  55  24   7  11]
 [ 20   1  36  29 833  22  23  29   5   2]
 [  9   3  40 164  48 684  10  34   1   7]
 [  5   1  43  56  15   8 862   4   3   3]
 [ 16   1  26  32  48  40   3 829   2   3]
 [ 59  27  16  10   4   2   9   3 853  17]
 [ 36  86   4   9   4   1   5   5  17 833]]
7 : [[814   5  64  14  16   3   5  11  55  13]
 [ 17 916   2   5   0   2   5   4  12  37]
 [ 47   1 807  25  46  25  28  14   2   5]
 [ 21   1  52 648  56 134  40  25  11  12]
 [  9   1  23  22 882  18  20  22   2   1]
 [  5   1  36 112  31 761  13  37   1   3]
 [  9   0  28  39  12  12 892   4   3   1]
 [ 19   0  11  25  41  46   7 846   2   3]
 [ 64  11  11  10   3   5   5   1 878  12]
 [ 34  64   5   5   5   5  10   7  18 847]]
8 : [[852   7  40  13  15   3   7  10  35  18]
 [ 13 899   1   5   2   4   5   1  13  57]
 [ 50   0 788  37  40  43  22  10   4   6]
 [ 18   3  30 686  42 136  39  27   8  11]
 [ 12   0  30  26 865  25  17  17   4   4]
 [  8   0  25 118  39 768  11  29   1   1]
 [  7   1  24  39  12  12 896   4   3   2]
 [ 12   1   9  24  50  36   7 857   1   3]
 [ 53  15  10   6   0   6   7   1 889  13]
 [ 19  49   2   4   2   3   5   2  19 895]]
9 : [[849  11  40   9  16   3   6   9  39  18]
 [  7 941   2   2   1   0   3   0   8  36]
 [ 42   2 810  22  52  27  24  13   5   3]
 [ 16   2  40 697  43 121  33  29   8  11]
 [  8   0  13  14 908  17  14  24   1   1]
 [  5   3  29 111  30 775   8  35   0   4]
 [  7   1  24  25  17  10 909   4   1   2]
 [ 11   1   8  23  26  29   3 892   1   6]
 [ 49  20  11   4   4   1   4   5 888  14]
 [ 12  62   5   4   4   2   4   3  20 884]]
10 : [[806   9  45  18  16   6  14   9  52  25]
 [  7 906   3   3   1   4   7   2  14  53]
 [ 42   0 817  33  30  33  28   9   2   6]
 [  9   4  45 688  24 166  31  20   9   4]
 [  5   0  20  28 891  14  18  19   4   1]
 [  2   0  24  81  25 831  15  20   0   2]
 [  3   3  19  20   8  12 930   2   3   0]
 [  9   0  10  27  36  44   5 863   2   4]
 [ 34  10  12   6   3   4   4   2 901  24]
 [ 15  47   3   5   0   5   7   4  16 898]]
1 : [[581  47  50  28  27  26  14  10 158  59]
 [ 88 613  16  26  15  10  12  15  62 143]
 [ 86  22 279 158 147  76 138  42  26  26]
 [ 26  25  93 369  66 187 108  55  19  52]
 [ 37  18 134 122 304 103 161  86  22  13]
 [ 20  18  63 255  73 380  65  86  15  25]
 [  9  20  87 145  97  56 527  18   5  36]
 [ 31  35  59 102  85 135  31 463  12  47]
 [143  65  29  36  13   9   7   8 622  68]
 [ 47 222  21  31  13  18  19  31  61 537]]
2 : [[595  34  85  22  21  17  18  19 156  33]
 [ 45 732   8  11  15   8  10  10  44 117]
 [ 66  15 539  87  97  61  73  29  17  16]
 [ 25  10  83 402  69 233  95  40  17  26]
 [ 21  13  70  49 576  60  78 111  16   6]
 [ 12  10  52 204  48 553  23  77   8  13]
 [ 11   9  67  69  48  38 734  10   8   6]
 [ 23  16  30  55  92  97  10 630   8  39]
 [ 88  32  20  30   6   8   5   6 773  32]
 [ 42  69   3  17   8  14   5  13  31 798]]
3 : [[644  25  83  24  12   7  14  12 145  34]
 [ 18 788   6  13   8   4   7   3  33 120]
 [ 54  11 638  73  85  37  47  27  16  12]
 [ 23   9  91 474  64 163  92  47  20  17]
 [ 22   5  59  62 671  39  52  72  15   3]
 [  9   8  59 202  58 574  32  46   6   6]
 [ 15   4  59  86  29  25 772   3   6   1]
 [ 19   9  37  72  70  68   9 684   8  24]
 [ 59  19  23  25   8   1   7   7 812  39]
 [ 21  51   6  19   5   8   3  12  40 835]]
4 : [[779  20  53  18  17   4  12  11  49  37]
 [ 21 844   2  11   6   3   7   4  21  81]
 [ 73   5 646  73  73  37  54  29   3   7]
 [ 27   9  73 548  68 148  77  30   9  11]
 [ 18   1  40  39 770  30  48  50   3   1]
 [ 12   8  66 177  46 614  31  38   4   4]
 [ 11   4  38  66  28  12 827   8   3   3]
 [ 22  10  37  73  70  54   5 710   4  15]
 [ 73  14  13  26   7   1  11   9 822  24]
 [ 29  60   7  17   4   8   5  14  25 831]]
5 : [[803  15  52   9  12   5  10   7  69  18]
 [ 19 868   3   7   1   4   3   0  26  69]
 [ 69   1 766  44  41  33  28   7   5   6]
 [ 53   5  78 616  45 107  59  19   8  10]
 [ 21   0  53  45 788  26  21  34   9   3]
 [  8   1  48 173  26 686  19  29   4   6]
 [  5   2  51  54   8  11 858   4   7   0]
 [ 17   1  25  49  36  55  14 788   6   9]
 [ 58  17  13  14   4   4   4   0 859  27]
 [ 35  74   8   7   1   6   4   6  25 834]]
6 : [[829  16  43  12  10   5   6  10  53  16]
 [ 12 906   4   6   1   2   2   1  19  47]
 [ 43   1 792  38  43  33  30  10   4   6]
 [ 27   5  50 694  44 116  41  14   5   4]
 [ 20   1  27  36 847  20  15  28   5   1]
 [ 13   2  44 122  31 746  14  25   2   1]
 [  7   2  40  36  18  18 872   2   4   1]
 [ 26   1  25  53  38  44   8 798   4   3]
 [ 54  21  11  20   4   4  11   3 855  17]
 [ 16  63   7  13   1   4   2   3  27 864]]
7 : [[839   9  33  20  14   4   4  12  42  23]
 [ 11 887   3   6   2   3   4   1  18  65]
 [ 58   1 802  44  33  24  18  16   2   2]
 [ 22   4  48 705  43 106  33  25   9   5]
 [ 20   1  37  25 862  20   8  25   2   0]
 [ 11   0  34 163  35 706  12  36   1   2]
 [  7   1  31  53   8   8 884   5   2   1]
 [ 16   0  11  53  32  30   4 847   2   5]
 [ 58  15  15  14   3   3   5   4 861  22]
 [ 17  42   9  10   2   3   3   5  19 890]]
8 : [[810  19  50  18   9   1  11   6  52  24]
 [  5 914   0   2   1   3   4   1  20  50]
 [ 33   1 825  41  35  30  21   8   5   1]
 [ 20   9  61 702  36 113  36  12   7   4]
 [  9   1  31  24 871  22  14  20   7   1]
 [  3   1  35 117  22 780  10  28   4   0]
 [  5   1  31  34   8  16 897   3   4   1]
 [ 10   1  11  45  30  33   3 860   3   4]
 [ 42  12  13  15   3   5   2   1 896  11]
 [ 15  51   9   8   0   4   5   3  21 884]]
9 : [[866   9  32  12  14   1   5   6  36  19]
 [  5 932   1   1   1   1   0   1  12  46]
 [ 45   1 826  37  32  26  22   8   2   1]
 [ 21   4  37 713  28 128  38  19   7   5]
 [  9   0  16  26 898  16  13  20   2   0]
 [  5   0  29 102  31 783  16  27   4   3]
 [  9   4  20  28  11   8 916   1   3   0]
 [ 14   3  17  33  40  27   5 858   0   3]
 [ 66  17   9   6   2   2   5   1 871  21]
 [ 16  60   4   7   2   2   2   3  15 889]]
10 : [[885  11  25  15   3   6   3   4  33  15]
 [  8 913   0   4   1   1   5   0  16  52]
 [ 40   0 842  34  24  27  22   3   4   4]
 [ 33   2  42 719  29 124  28  11  11   1]
 [ 12   0  20  25 894  13  15  19   2   0]
 [  8   0  23 105  26 804   8  26   0   0]
 [  5   2  22  26   9  21 908   1   5   1]
 [ 19   2   7  31  38  30   3 866   2   2]
 [ 48  20   7  13   3   3   6   0 893   7]
 [ 23  39   1  10   4   3   1   4  20 895]]
1 : [[510  55  62  26  52  31  11  21 183  49]
 [ 44 577  12  18  19  14   8  18  63 227]
 [ 85  18 319  98 189  94  86  61  28  22]
 [ 47  19  80 305 120 234  90  47  22  36]
 [ 42   8 128  59 432  85  78 113  27  28]
 [ 41  13  64 172 146 401  26 102  19  16]
 [ 11  19  82 126 124  82 514  10  13  19]
 [ 20  17  39  61 137  96  26 525  18  61]
 [253  73  19  26  29  18   4  15 501  62]
 [ 57 168  13  33  19  16  14  21 109 550]]
2 : [[653  46  88  31  21  12  10  10  83  46]
 [ 30 783   7  10   7  13  12   6  24 108]
 [ 59  13 589  83  94  48  67  30   9   8]
 [ 45  22 112 432  55 193  53  43  16  29]
 [ 36   4  84  60 570  78  50  98  14   6]
 [ 26   7  78 165  61 546  16  75  17   9]
 [ 12   3  76 120  81  42 648   5   8   5]
 [ 26   6  60  69 104  60   6 628   8  33]
 [174  61  21  25   9   8   8  11 644  39]
 [ 50 122   8  17   6  10  10  19  31 727]]
3 : [[713  23  54  32  21  11  13  15  80  38]
 [ 22 793   6  11   4   8  17   8  30 101]
 [ 66   4 588  74 100  54  58  40  12   4]
 [ 26   9  87 484  52 199  63  46  15  19]
 [ 18   3  54  71 672  54  53  66   5   4]
 [  8   5  51 171  60 604  20  64  10   7]
 [  7   4  40  79  57  34 761   8   6   4]
 [ 26   3  34  63  88  75   6 680  10  15]
 [131  38  10  31  17  11   9   7 709  37]
 [ 35  71   6  18   9  12   7  22  21 799]]
4 : [[743  16  87  16  34   3   6   4  60  31]
 [ 12 862   2   8   7   4  15   5  18  67]
 [ 49   6 718  47  66  33  42  23   6  10]
 [ 19   9  63 554  84 149  50  42  10  20]
 [ 10   1  51  35 824  19  28  28   2   2]
 [  7   2  71 139  51 652  18  47   8   5]
 [  5   1  34  46  28  15 862   3   3   3]
 [ 22   2  25  44  59  53   7 770   2  16]
 [ 85  37   8  20  11   3   7   4 790  35]
 [ 20  77   6   7   8   5   6  10  33 828]]
5 : [[785  21  49  14  20   3   5  11  67  25]
 [ 11 895   3   4   2   3   4   2  25  51]
 [ 56   5 698  53  66  43  42  24   9   4]
 [ 26   9  46 619  48 152  40  31  14  15]
 [ 13   2  37  45 807  32  30  27   4   3]
 [  8   1  37 152  36 699  18  40   4   5]
 [  7   4  25  61  26  17 850   6   3   1]
 [ 11   3  21  39  48  56  11 798   5   8]
 [ 62  35   5  10   6   2   6   2 849  23]
 [ 28  75   3  14   6   6   2   5  38 823]]
6 : [[817  16  59  13  29   3   6   6  34  17]
 [ 19 912   0   3   0   3   3   1  13  46]
 [ 51   6 744  40  71  38  24   9  10   7]
 [ 34  10  49 610  70 145  40  16  13  13]
 [  6   2  31  27 882  11  15  21   3   2]
 [  6   5  41 127  48 737  10  23   2   1]
 [  7   7  32  42  22  20 865   1   4   0]
 [ 23   2  18  41  52  46   3 804   3   8]
 [ 83  31  10  13   5   4   7   3 824  20]
 [ 20  77   2  10   7   2   6   3  28 845]]
7 : [[858  13  38   9  11   1   4   6  32  28]
 [ 18 898   1   3   2   4   5   1  17  51]
 [ 49   2 765  49  57  26  26  13   6   7]
 [ 35   4  43 646  45 145  37  26  11   8]
 [ 13   0  23  37 871  16  14  25   1   0]
 [ 12   0  30 126  40 735  10  40   4   3]
 [ 13   3  28  39  24   9 878   2   4   0]
 [ 17   4  13  25  48  31   5 849   3   5]
 [ 85  29  11   8   5   4   6   1 828  23]
 [ 28  63   3   9   9   5   3   3  19 858]]
1 : [[526  46  83  34  25  21  21  19 159  66]
 [ 36 588  38  23  15  11  14  10 110 155]
 [ 92  17 319 118 172  86  91  54  24  27]
 [ 29  29 106 276 126 186 119  45  20  64]
 [ 58  18 180  67 310  67 160  97  15  28]
 [ 24  25  96 231 106 339  63  77  11  28]
 [  6  18 119 101 122  48 500  30   5  51]
 [ 43  31  90 107  99 122  48 372  14  74]
 [197  71  48  30  19  10  10   9 524  82]
 [ 58 170  22  32  19  14  24  27  94 540]]
1 : [[  0   0   0 328   0   0  19   0   0 653]
 [  0   0   0 370   0   0   2   0   0 628]
 [  0   0   0 517   0   0 108   0   0 375]
 [  0   0   0 474   0   0  19   0   0 507]
 [  0   0   0 629   0   0 102   0   0 269]
 [  0   0   0 449   0   0  12   0   0 539]
 [  0   0   0 632   0   0  55   0   0 313]
 [  0   0   0 468   0   0  12   0   0 520]
 [  0   0   0 335   0   0   7   0   0 658]
 [  0   0   0 315   0   0   2   0   0 683]]
1 : [[  0   0   0   0  19 981   0   0   0   0]
 [  0   0   0   0   8 992   0   0   0   0]
 [  0   0   0   0 168 832   0   0   0   0]
 [  0   0   0   0  49 951   0   0   0   0]
 [  0   0   0   0 218 782   0   0   0   0]
 [  0   0   0   0  38 962   0   0   0   0]
 [  0   0   0   0 203 797   0   0   0   0]
 [  0   0   0   0  37 963   0   0   0   0]
 [  0   0   0   0   9 991   0   0   0   0]
 [  0   0   0   0  10 990   0   0   0   0]]
1 : [[  0   0 516 240 244   0   0   0   0   0]
 [  0   0 322 345 333   0   0   0   0   0]
 [  0   0 190 210 600   0   0   0   0   0]
 [  0   0 232 271 497   0   0   0   0   0]
 [  0   0  95 141 764   0   0   0   0   0]
 [  0   0 300 297 403   0   0   0   0   0]
 [  0   0  86 145 769   0   0   0   0   0]
 [  0   0 303 312 385   0   0   0   0   0]
 [  0   0 515 280 205   0   0   0   0   0]
 [  0   0 491 267 242   0   0   0   0   0]]
1 : [[   0    0    0    0    2    0    0    0    0  998]
 [   0    0    0    0    0    0    0    0    0 1000]
 [   0    0    7    0    4    0    0    0    0  989]
 [   0    0    0    0    0    0    0    0    0 1000]
 [   0    0    4    0    1    0    0    0    0  995]
 [   0    0    0    0    0    0    0    0    0 1000]
 [   0    0    0    0    1    0    0    0    0  999]
 [   0    0    0    0    1    0    0    0    0  999]
 [   0    0    0    0    0    0    0    0    0 1000]
 [   0    0    0    0    0    0    0    0    0 1000]]
1 : [[   0    0    0    0    0    0    0    0 1000    0]
 [   0    0    0    0    0    0    0    0 1000    0]
 [   0    0    0    0    0    0    0    0 1000    0]
 [   0    0    0    0    0    0    0    0 1000    0]
 [   0    0    0    0    0    0    0    0 1000    0]
 [   0    0    0    0    0    0    0    0 1000    0]
 [   0    0    0    0    0    0    0    0 1000    0]
 [   0    0    0    0    0    0    0    0 1000    0]
 [   0    0    0    0    0    0    0    0 1000    0]
 [   0    0    0    0    0    0    0    0 1000    0]]
1 : [[  0   0   0   0 347   0 476  45 132   0]
 [  0   0   0   0 161   0 789  24  26   0]
 [  0   0   0   0 110   0 849   9  32   0]
 [  0   0   0   0  92   0 896   2  10   0]
 [  0   0   0   0  41   0 952   2   5   0]
 [  0   0   0   0 131   0 855   2  12   0]
 [  0   0   0   0  44   0 954   1   1   0]
 [  0   0   0   0 117   0 862  12   9   0]
 [  0   0   0   0 298   0 569  59  74   0]
 [  0   0   0   0 240   0 711  24  25   0]]
